# id	left	top	right	bottom	texture_id
[SPRITES]
#BASE
1001000	0	68	249	103	100

#NUMBERS 0-9
1002000	94	139	101	145	100
1002001	106	139	113	145	100
1002002	118	139	125	145	100
1002003	130	139	137	145	100
1002004	142	139	149	145	100
1002005	154	139	161	145	100
1002006	166	139	173	145	100
1002007	178	139	185	145	100
1002008	190	139	197	145	100
1002009	202	139	209	145	100

#SPEED
1004000	44	139	51	145	100
1004001	32	139	39	145	100

#PSIGN
1005000	75	139	89	145	100
1005001	56	139	70	145	100

# ani_id	sprite1_id	time1	sprite2_id	time2	...
[ANIMATIONS]
#FLYABLE FLASH
99106000	1005000	100	1005001	100