# id	left	top	right	bottom	texture_id
[SPRITES]
##########RED KOOPA###########
#WALK
41001	140	59	155	85	60
41002	20	108	35	134	60

41003	140	89	155	115	60
41004	40	108	55	134	60

#DIE
42001	141	166	156	181	60

#HIDE
43001	180	40	195	55	60
#UPSIDE DOWN HIDE
43011	141	166	156	181	60

#SPINNING
43002	180	60	195	75	60
43003	180	80	195	95	60
43004	180	100	195	115	60
#UPSIDE DOWN SPINNING
43012	200	20	215	35	60
43013	200	0	215	15	60
43014	161	166	176	181	60

#WAKE UP
43005	180	120	195	135	60
#UPSIDE DOWN WAKE UP
43015	200	40	215	55	60
########## GREEN KOOPA ###############
#WALK
51001	140	0	155	25	60
51002	120	64	135	90	60

51003	140	30	155	55	60
51004	0	108	15	134	60

#WALK || WING
51011	160	0	175	25	60
51012	120	0	135	27	60
51013	60	108	75	134	60
51014	100	108	115	134	60

51015	160	30	175	55	60
51016	120	32	135	59	60
51017	140	30	155	55	60
51018	80	108	95	134	60

#DIE
52001	60	166	75	181	60

#HIDE
53001	141	139	156	154	60
#UPSIDE DOWN HIDE
53011	60	166	75	181	60

#SPINNING
53002	180	0	195	15	60
53003	160	100	175	115	60
53004	120	139	136	154	60
#UPSIDE DOWN SPINNING
53012	120	166	136	181	60
53013	40	166	55	181	60
53014	80	166	95	181	60

#WAKE UP
53005	180	20	195	35	60
#UPSIDE DOWN WAKE UP
53015	100	166	115	181	60

# ani_id	sprite1_id	time1	sprite2_id	time2	...
[ANIMATIONS]
##########RED KOOPA###########
#WALK
6000	41001	100	41002	100
6001	41003	100	41004	100
#DIE
6002	42001	100
#HIDE
6003	43001	100
6013	43011	100
#WAKE UP
6004	43001	100	43005	100
6014	43011	100	43015	100
#SPINNING
6005	43002	100	43003	100	43004	100
6015	43012	100	43013	100	43014	100
##########GREEN KOOPA###########
#WALK
7000	51001	100	51002	100
7001	51003	100	51004	100
#WALK || WING
7100	51011	100	51012	100	51013	100	51014	100
7101	51015	100	51016	100	51017	100	51018	100
#DIE
7002	52001	100
#HIDE
7003	53001	100
7013	53011	100
#WAKE UP
7004	53001	100	53005	100
7014	53011	100	53015	100
#SPINNING
7005	53002	100	53003	100	53004	100
7015	53012	100	53013	100	53014	100
