# id	left	top	right	bottom	texture_id
[SPRITES]
#SMOKE
2001001	527	20	542	35	20
2001002	544	20	559	35	20
2001003	559	20	574	35	20
2001004	573	20	588	35	20

#HIT
2002001	519	67	534	82	20
2002002	499	67	514	82	20

#SCORE
2003001	453	223	468	230	20
2003002	453	232	468	239	20
2003004	453	241	468	248	20
2003008	453	250	468	257	20
2003010	470	223	477	230	20
2003020	470	232	477	239	20
2003040	470	241	477	248	20
2003080	470	250	477	257	20

# ani_id	sprite1_id	time1	sprite2_id	time2	...
[ANIMATIONS]
#SMOKE
992001000	2001001	100	2001002	100	2001003	100	2001004	100

#HIT
992002000	2002001	20	2002002	20

#SCORE
992003001	2003001	100
992003002	2003002	100
992003004	2003004	100
992003008	2003008	100
992003010	2003010	100
992003020	2003020	100
992003040	2003040	100
992003080	2003080	100
