# id	left	top	right	bottom	texture_id
[SPRITES]
#RED_OPEN_DOWN
131111	0	0	15	31	60
131112	20	0	35	31	60

#RED_OPEN_UP
131121	0	36	15	67	60
131122	20	36	35	67	60

#RED_CLOSE_DOWN
131211	40	0	55	31	60
131212	60	0	75	31	60

#RED_CLOSE_UP
131221	40	36	55	67	60
131222	60	36	75	67	60

#GREEN_OPEN_DOWN
132111	80	36	95	67	60
132112	40	72	55	103	60

#GREEN_OPEN_UP
132121	100	36	115	67	60
132122	80	72	95	103	60

#GREEN_CLOSE_DOWN
132211	100	0	115	31	60
132212	20	72	35	103	60

#GREEN_CLOSE_UP
132221	0	72	15	103	60
132222	60	72	75	103	60

# ani_id	sprite1_id	time1	sprite2_id	time2	...
[ANIMATIONS]
#CHOMP_RED_DOWN_LEFT
99131011	131111	200	131211	200

#CHOMP_RED_DOWN_RIGHT
99131012	131112	200	131212	200

#CHOMP_RED_UP_LEFT
99131021	131121	200	131221	200

#CHOMP_RED_UP_RIGHT
99131022	131122	200	131222	200

#CHOMP_GREEN_DOWN_LEFT
99132011	132111	200	132211	200

#CHOMP_GREEN_DOWN_RIGHT
99132012	132112	200	132212	200

#CHOMP_GREEN_UP_LEFT
99132021	132121	200	132221	200

#CHOMP_GREEN_UP_RIGHT
99132022	132122	200	132222	200